image_width: 640
image_height: 480
camera_name: USB_video_device
camera_matrix:
  rows: 3
  cols: 3
  data: [710.7919800903638, 0, 266.1290949196321, 0, 733.7128078719213, 353.3445983905421, 0, 0, 1]
distortion_model: plumb_bob
distortion_coefficients:
  rows: 1
  cols: 5
  data: [0.06657694542628256, -0.02268913940833136, 0.06213706814710433, -0.0146671181042402, 0]
rectification_matrix:
  rows: 3
  cols: 3
  data: [1, 0, 0, 0, 1, 0, 0, 0, 1]
projection_matrix:
  rows: 3
  cols: 4
  data: [729.5064086914062, 0, 261.1484961795177, 0, 0, 712.7518310546875, 372.1953443185193, 0, 0, 0, 1, 0]